{
 "cells": [
  {
   "cell_type": "code",
   "execution_count": 2,
   "metadata": {},
   "outputs": [],
   "source": [
    "import numpy as np\n",
    "from time import time\n",
    "from sklearn.decomposition import PCA\n",
    "import matplotlib.pyplot as plt\n",
    "import pandas as pd\n",
    "import pdspy.modeling as modeling\n",
    "import os\n",
    "import pickle\n",
    "import george\n",
    "from george import kernels\n",
    "from scipy.optimize import minimize\n",
    "\n",
    "%matplotlib inline"
   ]
  },
  {
   "cell_type": "code",
   "execution_count": 15,
   "metadata": {},
   "outputs": [],
   "source": [
    "dictionary=np.load(\"./gmd/dictionary.npy\")\n",
    "with open ('./gmd/cubefull.txt', 'rb') as fp:\n",
    "    cube = np.array(pickle.load(fp))[:,100:500]"
   ]
  },
  {
   "cell_type": "code",
   "execution_count": 47,
   "metadata": {},
   "outputs": [
    {
     "name": "stdout",
     "output_type": "stream",
     "text": [
      "pca weights loaded from orig\n"
     ]
    }
   ],
   "source": [
    "rname=\"orig\"\n",
    "\n",
    "# load cube\n",
    "with open (\"./gmd/cubefull.txt\",\"rb\") as fp:\n",
    "\tcube=np.array(pickle.load(fp))[:,100:500]\n",
    "\n",
    "# load pca weight data generated by get_pca_weights.py\n",
    "with open (\"./gmd/\"+rname+\"_parvals.txt\",\"rb\") as fp:\n",
    "\tparam_vector=pickle.load(fp)\n",
    "with open (\"./gmd/\"+rname+\"_weights.txt\",\"rb\") as fp:\n",
    "\tweights_pw=pickle.load(fp)\n",
    "with open (\"./gmd/\"+rname+\"_eigenseds.txt\",\"rb\") as fp:\n",
    "\teigenseds=pickle.load(fp)\n",
    "with open (\"./gmd/\"+rname+\"_mean.txt\",\"rb\") as fp:\n",
    "\tpcamean=pickle.load(fp)\n",
    "print(\"pca weights loaded from \"+rname)\n"
   ]
  },
  {
   "cell_type": "code",
   "execution_count": 48,
   "metadata": {},
   "outputs": [
    {
     "data": {
      "text/plain": [
       "(3850, 400)"
      ]
     },
     "execution_count": 48,
     "metadata": {},
     "output_type": "execute_result"
    }
   ],
   "source": [
    "np.array(cube).shape"
   ]
  },
  {
   "cell_type": "code",
   "execution_count": 31,
   "metadata": {},
   "outputs": [],
   "source": [
    "weights_pm=np.transpose(np.array(weights_pw))"
   ]
  },
  {
   "cell_type": "code",
   "execution_count": 80,
   "metadata": {},
   "outputs": [],
   "source": [
    "points=5\n",
    "comp_param=np.zeros((points,points))\n",
    "comp_obs_chisq=np.zeros((points,points))\n",
    "comp_obs_weights=np.zeros((points,points))\n",
    "\n",
    "for i in range(points):\n",
    "    for j in range(points):\n",
    "        s=[cube[i],cube[j]]\n",
    "        p=[np.array(param_vector[i]),np.array(param_vector[j])] ##rescale parameters so this isn't so temp-focused\n",
    "        comp_param[i][j]=np.linalg.norm(p[0]-p[1])\n",
    "        comp_obs_weights[i][j]=np.linalg.norm(s[0]-s[1])\n",
    "        comp_obs_chisq[i][j]=np.sum((s[0]-s[1])**2)"
   ]
  },
  {
   "cell_type": "code",
   "execution_count": 81,
   "metadata": {},
   "outputs": [
    {
     "name": "stdout",
     "output_type": "stream",
     "text": [
      "[[   0.         1207.16802727  320.49397858  758.22447278  207.41887726]\n",
      " [1207.16802727    0.         1527.04130319  452.42093932 1412.22745633]\n",
      " [ 320.49397858 1527.04130319    0.         1078.66470936  115.69170726]\n",
      " [ 758.22447278  452.42093932 1078.66470936    0.          964.69463836]\n",
      " [ 207.41887726 1412.22745633  115.69170726  964.69463836    0.        ]]\n",
      "[[ 0.         46.02672195 49.51483917 54.68814468 65.35608673]\n",
      " [46.02672195  0.         30.72829819 18.68395996 46.49970245]\n",
      " [49.51483917 30.72829819  0.         27.69950676 22.57680893]\n",
      " [54.68814468 18.68395996 27.69950676  0.         44.27814865]\n",
      " [65.35608673 46.49970245 22.57680893 44.27814865  0.        ]]\n",
      "[[   0.         2118.45898438 2451.71923828 2990.79272461 4271.41796875]\n",
      " [2118.45898438    0.          944.22839355  349.09039307 2162.22216797]\n",
      " [2451.71923828  944.22839355    0.          767.26269531  509.71231079]\n",
      " [2990.79272461  349.09039307  767.26269531    0.         1960.55419922]\n",
      " [4271.41796875 2162.22216797  509.71231079 1960.55419922    0.        ]]\n"
     ]
    }
   ],
   "source": [
    "print(comp_param)\n",
    "print(comp_obs_weights)\n",
    "print(comp_obs_chisq)"
   ]
  },
  {
   "cell_type": "code",
   "execution_count": null,
   "metadata": {},
   "outputs": [],
   "source": []
  }
 ],
 "metadata": {
  "kernelspec": {
   "display_name": "Python 3",
   "language": "python",
   "name": "python3"
  },
  "language_info": {
   "codemirror_mode": {
    "name": "ipython",
    "version": 3
   },
   "file_extension": ".py",
   "mimetype": "text/x-python",
   "name": "python",
   "nbconvert_exporter": "python",
   "pygments_lexer": "ipython3",
   "version": "3.7.3"
  }
 },
 "nbformat": 4,
 "nbformat_minor": 2
}
